library(sidier)


### Name: rule
### Title: Threshold to discriminate species.
### Aliases: rule

### ** Examples


my.dist<-matrix(c(0,0.3,0.24,0.45,0.23,0.01,0.11,0.34,0.64,0.34,
0.3,0,0.32,0.75,0.65,0.53,0.012,0.52,0.15,0.52,0.24,0.32,
0,0.92,0.36,0.62,0.85,0.008,0.82,0.65,0.45,0.75,0.92,0,
0.22,0.56,0.74,0.46,0.005,0.73,0.23,0.65,0.36,0.22,0,
0.34,0.24,0.42,0.35,0.009,0.01,0.53,0.62,0.56,0.34,0,
0.23,0.73,0.23,0.63,0.11,0.012,0.85,0.74,0.24,0.23,0,
0.25,0.63,0.54,0.34,0.52,0.008,0.46,0.42,0.73,0.25,0,
0.32,0.41,0.64,0.15,0.82,0.005,0.35,0.23,0.63,0.32,0,
0.23,0.34,0.52,0.65,0.73,0.009,0.63,0.54,0.41,0.23,0),
ncol=10,dimnames=list(paste("sp",rep(1:5,2),sep=""),
paste("sp",rep(1:5,2),sep="")))

rule(barcode.summary(my.dist),rule=10)



